0,6
0,49
117,5
117,4
117,3
117,2
117,1
114,6
114,5
114,4
114,3
114,2
114,1
110,4
110,3
110,2
110,1
108,3
108,2
108,1
107,4
107,3
107,2
107,1
105,3
105,2
105,1
104,4
104,3
104,2
104,1
102,4
102,3
102,2
102,1
101,3
101,2
101,1
100,4
100,3
100,2
100,1
99,3
99,2
99,1
98,3
98,2
98,1
97,5
97,4
97,3
97,2
97,1
96,3
96,2
96,1
95,5
95,4
95,3
95,2
95,1
94,3
94,2
94,1
5,3
5,2
5,0
4,3
3,44
3,43
3,42
3,41
3,40
3,39
3,38
3,37
3,36
3,35
3,34
3,33
3,32
3,31
3,30
3,29
3,28
3,27
3,26
3,25
3,24
3,23
3,22
3,21
3,20
3,19
3,18
3,17
3,16
3,15
3,14
3,13
3,12
3,11
3,10
3,9
3,8
3,7
3,6
3,5
3,4
3,3
3,2
3,0
7,3
2,44
2,43
2,42
2,41
2,40
2,39
2,38
2,37
2,36
2,35
2,34
2,33
2,32
2,31
2,30
2,29
2,28
2,27
2,26
2,25
2,24
2,23
2,22
2,21
2,20
2,19
2,18
2,17
2,16
2,15
2,14
2,13
2,12
2,11
2,10
2,9
2,8
2,7
2,6
2,5
2,4
2,3
2,2
2,0
1,45
1,44
1,43
1,42
1,41
1,40
1,39
1,38
1,37
1,36
1,35
1,34
1,33
1,32
1,31
1,30
1,29
1,28
1,27
1,26
1,25
1,24
1,23
1,22
1,21
1,20
1,19
1,18
1,17
1,16
1,15
1,14
1,13
1,12
1,11
1,10
1,9
1,8
1,7
1,6
1,5
1,4
1,3
1,2
1,0
0,48
0,47
0,46
0,45
0,12
0,11
0,10
0,9
0,8
0,2
0,0
0,5
0,7
0,4
0,3
117,0
114,0
110,0
108,0
107,0
105,0
104,0
102,0
101,0
100,0
99,0
98,0
97,0
96,0
95,0
94,0
